wer: 0.41172257371374
baseline_awer: 0.430344992240659
s2s_awer: 0.4840635072221559
pwer: 0.9204545454545454
Utt-F1: 0.6881419347052079
Utt-prec: 0.7073955618731738
Utt-recall: 0.6769392292490118
Utt-recall-binary: 0.8835227272727273

word-f1-binary: 0.490782858510893
word-prec-binary: 0.4573850959393128
0-word-recall: 0.5294421487603306
1-word-recall: 0.7370867768595041
2-word-recall: 0.8486570247933884

0-word-f1: 0.490782858510893
1-word-f1: 0.623280192181699
2-word-f1: 0.6852971845672576

