wer: 1.4690223230273367
baseline_awer: 1.4742748000477497
s2s_awer: 1.4846603796108393
pwer: 0.9850206611570248
Utt-F1: 0.7061257439534
Utt-prec: 0.7484710503995358
Utt-recall: 0.6875
Utt-recall-binary: 0.9204545454545454

word-f1-binary: 0.3107184530755126
word-prec-binary: 0.22938715235047993
0-word-recall: 0.48140495867768596
1-word-recall: 0.7050619834710744
2-word-recall: 0.8228305785123967

0-word-f1: 0.3107184530755126
1-word-f1: 0.4244402985074626
2-word-f1: 0.4783783783783783

